index lon lat shf error
0 -78.757 -11.425 42.00 15.0
1 -78.757 -11.410 40.00 15.0
2 -78.765 -11.413 41.00 15.0
3 -78.765 -11.415 42.00 15.0
4 -78.798 -11.425 35.00 15.0
5 -79.212 -11.152 49.00 15.0
6 -79.200 -11.142 49.00 15.0
7 -78.272 -11.063 27.50 17.5
8 -78.078 -11.065 45.00 17.5
9 -76.892 -13.480 45.00 17.5
10 -76.991 -12.863 60.00 17.5
11 -78.943 -11.538 46.00 17.5
12 -68.750 -33.250 63.00 14.0
13 -63.450 -20.983 47.00 20.0
14 -63.183 -20.933 50.00 20.0
15 -66.067 -20.900 70.00 10.0
16 -63.200 -20.433 55.00 20.0
17 -63.567 -20.017 33.00 20.0
18 -63.217 -19.300 54.00 20.0
19 -63.017 -17.933 53.00 20.0
20 -63.533 -17.533 50.00 20.0
21 -63.267 -17.517 56.00 20.0
22 -64.067 -17.100 59.00 20.0
23 -73.750 -15.517 44.00 20.0
24 -71.350 -14.900 32.00 15.0
25 -71.567 -16.550 44.00 10.0
26 -70.650 -17.267 66.00 5.0
27 -76.750 -10.483 17.00 20.0
28 -76.600 -12.683 35.00 10.0
29 -70.767 -17.067 57.00 15.0
30 -66.817 -18.167 90.00 30.0
31 -68.233 -17.567 73.00 20.0
32 -67.733 -16.417 68.00 10.0
33 -71.417 -14.900 75.00 9.0
34 -70.300 -16.933 50.00 9.0
35 -66.450 -24.270 120.00 15.0
36 -66.550 -24.370 100.00 15.0
37 -68.467 -27.700 81.70 15.0
38 -68.333 -28.033 78.00 15.0
39 -68.370 -27.333 100.00 15.0
40 -68.083 -26.920 105.00 15.0
41 -68.767 -27.917 77.00 15.0
42 -66.583 -21.033 75.00 9.0
43 -66.050 -21.250 70.00 9.0
44 -66.683 -21.300 94.00 9.0
45 -67.183 -19.383 83.00 9.0
46 -66.133 -21.167 94.00 9.0
47 -69.500 -15.500 55.00 7.0
48 -64.283 -22.767 27.00 7.0
49 -66.833 -18.467 109.00 7.0
50 -66.583 -18.417 66.00 7.0
51 -67.133 -17.383 75.00 7.0
52 -69.017 -15.783 99.00 7.0
53 -66.833 -18.283 112.00 7.0
54 -69.050 -15.767 106.00 7.0
55 -67.533 -17.067 62.00 7.0
56 -70.500 -35.270 102.00 18.0
57 -70.417 -33.417 78.00 18.0
58 -70.050 -33.833 101.00 18.0
59 -70.667 -33.450 93.00 18.0
60 -70.633 -33.167 97.00 18.0
61 -70.167 -33.467 61.00 9.0
62 -70.750 -33.333 79.00 9.0
63 -70.717 -28.083 23.00 4.0
64 -70.350 -27.100 36.00 4.0
65 -70.383 -27.267 36.00 4.0
66 -70.300 -26.533 10.00 4.0
67 -71.583 -30.717 72.00 7.0
68 -70.833 -28.983 36.00 4.0
69 -72.283 -40.200 110.00 22.0
70 -70.333 -35.270 88.00 22.0
71 -69.320 -28.700 72.00 22.0
72 -69.870 -35.170 85.00 22.0
73 -69.970 -35.170 85.00 22.0
74 -69.670 -29.320 76.00 22.0
75 -71.130 -37.580 80.00 22.0
76 -69.930 -32.680 70.00 22.0
77 -70.050 -34.750 104.00 22.0
78 -71.083 -37.520 95.00 22.0
79 -71.600 -16.500 41.00 5.0
80 -70.517 -16.850 42.00 5.0
81 -62.617 -39.650 77.00 5.0
82 -62.700 -39.500 69.00 5.0
83 -62.300 -38.320 55.00 11.0
84 -63.250 -38.683 77.00 11.0
85 -78.878 -11.187 59.10 8.5
86 -78.682 -11.115 35.90 19.5
87 -78.677 -11.113 41.10 17.0
88 -78.669 -11.109 34.70 17.3
89 -78.957 -11.583 48.40 20.7
90 -78.950 -11.577 45.10 20.0
91 -78.943 -11.571 42.30 23.6
92 -78.936 -11.566 47.10 21.2
93 -78.929 -11.560 51.70 19.3
94 -78.922 -11.571 52.00 21.2
95 -78.907 -11.542 55.40 19.9
96 -73.607 -37.663 63.00 30.0
97 -73.500 -37.431 79.00 25.0
98 -74.450 -41.000 38.30 17.5
99 -73.682 -36.219 34.90 17.5
100 -73.566 -36.160 35.70 17.5
101 -70.800 -21.979 38.50 16.8
102 -70.718 -22.190 64.90 16.8
103 -70.989 -23.973 48.40 16.8
104 -71.053 -23.420 27.50 16.8
105 -63.418 -18.880 40.00 17.0
106 -64.348 -22.682 39.00 17.0
107 -63.488 -21.123 38.00 17.0
108 -63.563 -20.008 21.00 17.0
109 -63.547 -17.530 36.00 17.0
110 -64.260 -17.060 42.00 17.0
111 -63.270 -17.520 43.00 17.0
112 -63.220 -19.300 40.00 17.0
113 -63.580 -20.270 38.00 17.0
114 -63.600 -21.990 55.00 17.0
115 -63.950 -20.040 32.00 17.0
116 -62.930 -17.550 54.00 17.0
117 -62.290 -17.980 37.00 17.0
118 -63.100 -21.170 49.00 17.0
119 -62.970 -17.970 38.00 17.0
120 -63.220 -20.760 43.00 17.0
121 -62.910 -18.160 43.00 17.0
122 -63.280 -18.490 39.00 17.0
123 -63.530 -19.140 36.00 17.0
124 -62.220 -18.380 45.00 17.0
125 -63.290 -21.250 42.00 17.0
126 -63.190 -20.930 47.00 17.0
127 -64.040 -17.020 43.00 17.0
128 -62.960 -20.250 38.00 20.0
129 -68.920 -22.370 55.00 30.0
130 -70.090 -23.430 24.00 10.0
131 -70.180 -22.680 17.00 10.0
132 -68.910 -22.820 47.00 10.0
133 -73.546 -37.652 63.00 14.3
134 -69.917 -19.683 93.00 16.1
135 -72.833 -38.583 89.00 12.4
136 -75.578 -42.841 72.00 16.8
137 -75.566 -42.839 68.00 16.8
138 -75.554 -42.838 62.00 16.8
139 -75.542 -42.837 60.00 16.8
140 -75.530 -42.835 59.00 16.8
141 -75.206 -42.793 59.00 16.8
142 -75.074 -40.680 31.00 16.8
143 -75.062 -40.679 33.00 16.8
144 -75.050 -40.678 39.00 16.8
145 -75.038 -40.677 27.00 16.8
146 -75.026 -40.675 40.00 16.8
147 -75.015 -40.674 47.00 16.8
148 -73.738 -36.212 52.50 16.8
149 -73.748 -36.210 41.90 16.8
150 -73.760 -36.209 42.40 16.8
151 -73.770 -36.208 41.80 16.8
152 -73.781 -36.206 42.90 16.8
153 -73.792 -36.204 42.70 16.8
154 -73.804 -36.203 33.80 16.8
155 -73.829 -36.199 37.10 16.8
156 -73.836 -36.198 39.70 16.8
157 -74.178 -36.151 19.30 16.8
158 -74.154 -36.152 20.20 16.8
159 -74.131 -36.156 21.80 16.8
160 -74.111 -36.161 20.80 16.8
161 -74.071 -36.165 33.20 16.8
162 -74.057 -36.167 41.30 16.8
163 -74.037 -36.169 59.40 16.8
164 -74.017 -36.172 45.30 16.8
165 -74.005 -36.175 55.00 16.8
166 -73.994 -36.176 48.80 16.8
167 -73.985 -36.178 58.30 16.8
168 -73.972 -36.180 49.20 16.8
169 -72.356 -33.472 34.00 16.8
170 -72.337 -33.478 38.00 16.8
171 -72.318 -33.481 46.00 16.8
172 -72.301 -33.484 50.00 16.8
173 -72.281 -33.489 57.00 16.8
174 -72.262 -33.493 53.00 16.8
175 -72.244 -33.497 52.00 16.8
176 -72.225 -33.502 55.00 16.8
177 -72.206 -33.506 59.00 16.8
178 -72.187 -33.051 68.00 16.8
179 -72.416 -33.460 34.00 16.8
180 -72.395 -33.463 34.00 16.8
181 -72.376 -33.467 37.00 16.8
182 -72.264 -33.502 51.00 16.8
183 -72.265 -33.511 56.00 16.8
184 -72.268 -33.518 55.00 16.8
185 -72.271 -33.526 54.00 16.8
186 -72.273 -33.534 56.00 16.8
187 -72.276 -33.542 58.00 16.8
188 -72.278 -33.550 56.00 16.8
189 -72.280 -33.558 57.00 16.8
190 -73.285 -35.268 40.00 16.8
191 -73.268 -35.271 50.00 16.8
192 -73.249 -35.277 57.00 16.8
193 -73.229 -35.281 53.00 16.8
194 -73.210 -35.287 52.00 16.8
195 -73.191 -35.293 44.00 16.8
196 -73.172 -35.299 54.00 16.8
197 -73.153 -35.304 55.00 16.8
198 -73.132 -35.310 66.00 16.8
199 -73.115 -35.316 84.00 16.8
200 -73.095 -35.321 73.00 16.8
201 -73.076 -35.326 83.00 16.8
202 -73.673 -35.905 69.00 16.8
203 -73.397 -35.904 69.00 16.8
204 -66.923 -33.481 55.85 17.2
205 -61.957 -26.854 65.60 14.0
206 -66.775 -33.758 60.46 14.0
207 -66.795 -33.759 54.12 14.0
208 -68.194 -30.083 37.45 14.0
209 -62.105 -33.122 55.89 14.0
210 -62.772 -26.544 67.50 14.0
211 -61.775 -29.908 53.47 14.0
212 -61.832 -26.462 59.97 14.0
213 -66.615 -33.812 65.97 14.0
214 -62.395 -26.043 68.37 14.0
215 -64.783 -26.783 100.76 14.0
216 -66.680 -33.203 57.98 14.0
217 -61.549 -27.358 73.31 14.0
218 -63.970 -33.951 49.61 14.0
219 -68.596 -29.510 42.21 14.0
220 -67.585 -34.758 65.34 14.0
221 -61.996 -31.430 52.77 14.0
222 -61.128 -27.054 58.73 14.0
223 -61.260 -28.429 62.07 14.0
224 -68.460 -30.281 54.01 14.0
225 -67.150 -31.800 64.03 14.0
226 -64.024 -26.338 73.08 14.0
227 -64.136 -26.259 78.38 14.0
228 -62.652 -25.760 73.71 14.0
229 -67.116 -34.024 74.73 14.0
230 -67.160 -33.977 75.40 14.0
231 -63.149 -28.354 65.05 14.0
232 -68.593 -30.797 39.27 14.0
233 -68.584 -30.442 44.55 14.0
234 -63.752 -25.393 69.34 14.0
235 -62.827 -32.850 58.48 14.0
236 -60.072 -26.408 53.87 14.0
237 -68.367 -29.972 43.78 14.0
238 -69.347 -35.422 71.82 14.0
239 -66.960 -33.286 71.67 14.0
240 -62.863 -24.129 77.09 14.0
241 -62.069 -32.509 51.05 14.0
242 -66.978 -31.382 52.81 14.0
243 -68.856 -32.282 47.91 14.0
244 -62.956 -28.864 60.15 14.0
245 -66.680 -34.056 70.41 14.0
